43
20220625          
20220626           
20220627           
20220702  
20220719           
20220720 
20220721           
20220724
20220725 
20220726  
20220727
20220728 
20220729           
20220730           
20220731           
20220806           
20220807          
20220808          
20220809           
20220812  
20220814   
20220815           
20220816           
20220817         
20220818          
20220819           
20220822           
20220823           
20220824           
20220825           
20220829           
20220830           
20220831          
20220902           
20220910      
20220911
20220914           
20220926           
20220927
20221002 
20221009 
20221015  
20221016